uni_lin: 95.59748427672956%
correct_cnt: 152
total_cnt: 159
------------------------
uni_cir: 93.76770538243626%
correct_cnt: 331
total_cnt: 353
------------------------
acc_lin: 93.21266968325791%
correct_cnt: 412
total_cnt: 442
------------------------
acc_cir: 91.19266055045871%
correct_cnt: 497
total_cnt: 545
------------------------
